776 306
777 325
779 343
783 361
789 377
799 392
811 406
825 416
843 420
861 417
877 408
892 397
904 383
911 366
915 348
918 329
919 310
784 284
792 272
806 268
821 268
835 274
855 274
870 269
885 269
899 275
908 287
845 291
844 305
843 319
842 332
828 342
835 345
843 348
851 345
859 343
800 295
809 290
818 290
827 296
818 297
808 297
864 298
873 292
883 292
892 297
883 299
873 299
813 365
824 360
834 358
842 360
850 359
861 362
873 368
862 379
851 384
842 384
834 383
823 377
818 366
834 364
842 365
850 364
868 368
851 375
842 376
834 374
