814 397
815 416
817 434
820 452
824 469
833 484
845 497
860 506
878 510
897 507
913 498
926 486
936 471
942 454
946 436
950 417
951 398
822 379
830 367
844 363
859 365
873 372
890 371
904 365
920 364
934 368
942 381
880 387
880 402
879 417
878 431
863 437
870 441
878 444
887 442
895 439
836 391
844 386
853 386
862 392
853 393
844 393
901 393
910 387
919 388
927 392
919 394
910 394
848 457
859 455
870 453
879 455
887 453
899 455
911 459
900 470
888 475
879 476
870 475
859 468
853 458
870 459
879 460
887 459
907 460
888 466
879 467
870 466
