750 362
749 389
751 416
753 443
758 468
768 492
784 510
805 524
831 529
860 529
886 519
909 504
927 483
938 458
944 429
948 398
951 367
756 343
765 326
783 322
802 326
818 336
852 335
872 326
893 323
913 329
927 345
836 361
835 383
834 404
833 426
813 435
823 439
833 443
846 440
857 436
774 362
784 354
800 355
813 366
798 370
783 369
865 367
878 356
894 356
907 364
895 371
879 371
796 466
810 463
823 460
834 463
844 461
860 464
877 468
860 476
845 479
833 479
821 478
809 474
803 467
822 468
833 470
844 469
870 468
844 467
833 467
822 466
