700 683
703 709
708 733
714 757
723 779
736 800
751 819
770 833
791 838
814 834
834 820
851 801
863 780
872 756
876 730
879 703
880 675
706 671
715 660
729 658
745 661
759 669
791 668
807 659
825 654
843 656
858 665
777 685
776 704
776 722
775 741
761 749
769 753
779 756
789 752
798 747
723 686
732 679
745 679
757 688
745 691
732 691
804 687
815 677
829 676
841 682
830 688
816 689
750 782
761 776
772 772
781 774
790 771
805 774
821 779
807 791
794 798
784 799
774 798
762 793
756 783
772 782
781 782
790 781
814 780
792 784
783 786
774 785
