796 487
799 518
804 548
811 576
821 603
834 628
853 648
877 663
906 667
933 664
956 650
976 631
991 607
1001 581
1008 552
1014 522
1019 490
809 469
821 450
845 443
869 446
892 455
926 455
947 446
971 444
993 452
1006 471
909 477
909 497
909 517
909 538
882 552
894 555
908 559
921 555
933 551
835 480
848 473
863 473
878 484
863 486
847 486
938 484
952 474
967 475
979 483
968 487
953 487
863 595
881 590
897 585
907 588
917 585
932 590
949 594
933 606
918 610
907 612
896 611
880 606
871 595
896 595
907 596
917 595
942 595
918 597
907 599
897 598
