787 587
789 604
793 620
797 636
803 652
810 667
821 680
834 689
849 691
864 688
877 679
889 666
898 651
903 634
907 618
911 601
913 584
795 578
803 572
812 569
823 571
832 576
862 576
871 570
882 569
892 571
901 576
847 588
847 599
847 610
847 622
837 632
842 635
848 636
853 634
859 632
806 591
813 585
823 585
831 593
822 596
812 596
864 592
872 584
882 584
889 589
883 595
873 595
824 655
833 652
841 650
847 651
853 649
861 651
871 654
862 662
854 666
847 666
841 666
833 663
828 656
841 656
847 656
853 656
867 655
853 656
847 657
842 657
