792 556
792 583
795 610
799 637
807 662
819 685
836 703
857 717
881 723
907 719
932 707
954 691
972 670
984 646
990 619
994 590
995 560
803 534
813 519
831 515
850 518
868 529
895 529
914 519
935 516
956 520
971 535
881 550
880 571
878 591
877 612
860 623
868 628
878 632
889 628
900 624
822 551
832 543
847 544
860 555
846 557
831 557
909 556
922 545
937 545
949 552
937 558
923 558
844 658
858 654
870 650
880 653
889 650
903 654
920 659
903 668
890 672
879 673
868 672
857 667
851 658
870 658
879 660
889 659
913 659
889 660
879 661
869 660
