721 474
729 504
732 530
740 553
747 582
758 609
770 623
788 638
822 649
855 638
881 627
904 609
922 582
933 553
941 527
945 501
948 467
736 452
747 445
762 441
781 441
792 445
848 448
863 445
878 445
896 445
911 452
822 482
822 504
818 527
818 541
803 549
811 553
822 556
829 553
837 549
758 474
770 471
781 471
796 478
784 482
770 482
852 478
863 471
878 471
889 478
878 482
863 482
781 579
792 579
811 575
818 579
829 575
844 579
859 582
844 590
829 597
818 597
807 594
796 590
784 579
807 582
818 586
829 582
859 582
829 582
818 582
807 582
