730 484
731 512
735 541
741 568
749 593
762 617
779 637
800 650
825 654
851 649
875 637
895 619
911 599
921 574
927 547
931 518
933 487
743 462
751 446
769 441
787 443
803 452
841 451
859 443
878 441
896 447
908 462
822 474
821 498
820 521
818 545
798 550
807 555
819 560
831 555
841 550
763 478
773 470
787 470
799 480
786 481
773 482
849 480
862 470
875 471
886 478
876 482
862 481
781 579
794 575
807 574
818 577
831 574
846 577
862 582
846 593
831 600
818 601
806 599
793 592
786 580
807 582
818 583
831 582
856 582
831 588
818 589
807 587
