687 464
688 494
691 523
696 550
705 576
722 602
742 628
764 651
791 658
823 652
847 633
869 608
887 580
897 552
901 522
903 488
904 454
694 452
704 435
724 428
745 430
765 438
791 434
814 426
838 426
860 432
877 447
778 463
778 486
777 509
778 532
752 539
766 546
781 551
797 544
811 537
713 469
725 464
738 463
752 471
738 471
725 472
811 469
825 462
839 462
853 466
840 469
826 470
736 560
754 565
771 567
785 570
798 566
819 562
843 556
821 576
801 585
785 587
771 585
754 577
742 564
771 573
785 575
799 572
836 560
800 572
785 575
770 573
