726 478
730 511
735 541
739 566
746 593
760 616
778 637
797 652
822 659
848 655
873 640
895 621
912 599
923 571
927 542
930 510
932 475
738 460
750 446
767 442
786 444
804 451
839 450
859 444
878 442
897 447
910 462
822 471
821 493
821 516
820 540
798 547
808 555
820 560
832 555
842 549
761 478
772 469
786 468
799 479
786 483
772 483
849 479
862 468
876 470
887 478
876 483
862 482
782 578
798 577
811 576
821 580
831 577
844 578
862 579
845 590
831 596
820 597
809 596
797 590
788 579
810 583
820 585
831 583
856 580
831 583
820 585
810 583
