863 453
869 518
877 584
887 644
907 701
948 758
995 811
1050 855
1115 865
1184 858
1246 812
1292 760
1329 700
1352 629
1355 562
1353 497
1346 436
902 436
930 399
973 379
1022 370
1067 378
1160 355
1203 329
1250 321
1295 337
1320 381
1116 446
1120 487
1121 525
1121 565
1055 603
1087 608
1120 616
1153 608
1183 599
954 473
982 461
1012 458
1045 472
1014 477
983 478
1186 464
1215 441
1247 437
1274 450
1251 466
1218 469
1000 680
1045 674
1088 665
1116 674
1144 666
1186 675
1229 682
1188 726
1147 743
1114 746
1082 742
1042 724
1016 685
1087 699
1115 703
1145 700
1213 687
1145 698
1114 701
1085 697
