297 186
301 219
308 245
316 268
329 288
344 304
362 320
377 332
392 336
408 331
422 316
438 298
454 280
465 258
472 234
475 207
474 176
308 185
322 178
339 179
356 184
373 191
402 191
416 180
432 170
449 166
463 173
389 205
390 221
391 238
393 255
372 263
382 266
392 269
402 265
411 260
328 202
340 197
353 197
365 206
352 208
339 208
411 203
422 193
435 191
446 195
437 203
424 204
357 281
373 285
384 284
392 287
399 284
410 283
424 280
411 294
400 301
392 303
385 302
373 295
363 284
384 290
392 291
399 289
419 282
399 289
392 292
384 290
