234 174
236 202
239 231
246 257
256 282
272 306
290 325
307 341
326 348
345 343
364 331
381 313
393 293
405 268
408 242
407 217
404 191
251 152
261 139
277 136
292 139
307 148
346 149
358 140
372 136
385 138
394 149
327 170
327 185
327 199
327 213
308 230
317 232
326 235
334 232
342 228
268 172
278 161
291 162
301 176
289 178
277 179
347 177
358 165
370 165
379 175
371 180
359 180
296 274
305 258
318 251
325 253
333 251
345 258
353 275
345 299
334 310
325 311
317 310
305 299
301 273
318 260
325 260
333 259
348 274
333 293
325 294
317 293
